emd_nm,resid_reg_pop,foreign_pop,total_pop
건입동,9148.333333333334,247.58333333333334,9395.916666666666
구좌읍,15514.25,611.4166666666666,16125.666666666666
남원읍,18781.833333333332,750.75,19532.583333333332
노형동,54469.75,2263.4166666666665,56733.166666666664
대륜동,14548.5,210.25,14758.75
대정읍,21444.333333333332,1727.0,23171.333333333332
대천동,13837.416666666666,205.33333333333334,14042.75
도두동,3229.5833333333335,119.16666666666667,3348.75
동홍동,23197.333333333332,1159.0833333333333,24356.416666666668
봉개동,5261.75,89.08333333333333,5350.833333333333
삼도1동,13666.5,144.5,13811.0
삼도2동,8080.166666666667,263.5833333333333,8343.75
삼양동,25757.25,249.16666666666666,26006.416666666668
서홍동,10477.166666666666,120.25,10597.416666666666
성산읍,15336.083333333334,1724.9166666666667,17061.0
송산동,4207.083333333333,551.4166666666666,4758.5
아라동,35793.583333333336,1100.75,36894.333333333336
안덕면,11990.666666666666,611.0833333333334,12601.75
애월읍,36607.5,1035.9166666666667,37643.416666666664
연동,41644.916666666664,2122.5833333333335,43767.5
영천동,5239.25,180.25,5419.5
예래동,3947.0833333333335,269.0833333333333,4216.166666666667
오라동,15659.666666666666,244.25,15903.916666666666
외도동,21886.25,302.25,22188.5
용담1동,7162.833333333333,91.58333333333333,7254.416666666667
용담2동,14938.25,233.58333333333334,15171.833333333334
우도면,1788.0833333333333,25.416666666666668,1813.5
이도1동,7677.416666666667,133.33333333333334,7810.75
이도2동,50013.0,649.5833333333334,50662.583333333336
이호동,4579.666666666667,186.66666666666666,4766.333333333333
일도1동,2649.75,79.0,2728.75
일도2동,33322.916666666664,310.4166666666667,33633.333333333336
정방동,2229.6666666666665,121.0,2350.6666666666665
조천읍,25104.833333333332,601.5,25706.333333333332
중문동,11489.0,311.5,11800.5
중앙동,3606.0833333333335,85.83333333333333,3691.9166666666665
천지동,3544.9166666666665,108.25,3653.1666666666665
추자면,1690.4166666666667,292.0,1982.4166666666667
표선면,12295.916666666666,398.9166666666667,12694.833333333334
한경면,9045.166666666666,388.75,9433.916666666666
한림읍,21253.833333333332,3554.25,24808.083333333332
화북동,24660.333333333332,390.8333333333333,25051.166666666668
효돈동,5260.333333333333,73.08333333333333,5333.416666666667
