emd_nm,resid_reg_pop,foreign_pop,total_pop
건입동,8941.333333333334,229.83333333333334,9171.166666666666
구좌읍,15447.0,570.6666666666666,16017.666666666666
남원읍,18726.5,669.0,19395.5
노형동,55211.333333333336,2075.5,57286.833333333336
대륜동,14976.5,190.83333333333334,15167.333333333334
대정읍,21897.166666666668,1666.8333333333333,23564.0
대천동,13886.333333333334,184.33333333333334,14070.666666666666
도두동,3281.8333333333335,96.16666666666667,3378.0
동홍동,23201.833333333332,930.3333333333334,24132.166666666668
봉개동,5274.5,82.16666666666667,5356.666666666667
삼도1동,13535.333333333334,136.33333333333334,13671.666666666666
삼도2동,7940.333333333333,255.33333333333334,8195.666666666666
삼양동,25805.5,227.66666666666666,26033.166666666668
서홍동,10808.833333333334,127.16666666666667,10936.0
성산읍,15430.333333333334,1585.6666666666667,17016.0
송산동,4078.5,465.1666666666667,4543.666666666667
아라동,38017.0,1033.8333333333333,39050.833333333336
안덕면,12111.333333333334,521.0,12632.333333333334
애월읍,37116.833333333336,958.1666666666666,38075.0
연동,41932.5,1940.8333333333333,43873.333333333336
영천동,5158.666666666667,163.16666666666666,5321.833333333333
예래동,3921.6666666666665,250.66666666666666,4172.333333333333
오라동,15761.5,221.33333333333334,15982.833333333334
외도동,22041.833333333332,281.1666666666667,22323.0
용담1동,6962.5,86.0,7048.5
용담2동,14645.0,204.5,14849.5
우도면,1730.6666666666667,27.0,1757.6666666666667
이도1동,7554.666666666667,126.83333333333333,7681.5
이도2동,49607.833333333336,575.3333333333334,50183.166666666664
이호동,4550.5,164.83333333333334,4715.333333333333
일도1동,2495.5,79.33333333333333,2574.8333333333335
일도2동,32747.833333333332,280.3333333333333,33028.166666666664
정방동,2142.8333333333335,115.66666666666667,2258.5
조천읍,25389.666666666668,534.5,25924.166666666668
중문동,11553.0,297.3333333333333,11850.333333333334
중앙동,3414.6666666666665,72.16666666666667,3486.8333333333335
천지동,3479.5,110.83333333333333,3590.3333333333335
추자면,1638.8333333333333,262.1666666666667,1901.0
표선면,12336.833333333334,350.3333333333333,12687.166666666666
한경면,9095.666666666666,366.8333333333333,9462.5
한림읍,21232.166666666668,3278.6666666666665,24510.833333333332
화북동,24379.0,344.3333333333333,24723.333333333332
효돈동,5268.833333333333,61.5,5330.333333333333
